# Mass spring file.
# 121 particles, 420 springs, 11 controlled particles, 0 controlled springs

*PARTICLES
121
0 0 100 0 1
1 10 100 0 1
2 20 100 0 1
3 30 100 0 1
4 40 100 0 1
5 50 100 0 1
6 60 100 0 1
7 70 100 0 1
8 80 100 0 1
9 90 100 0 1
10 100 100 0 1
11 0 100 10 1
12 10 100 10 1
13 20 100 10 1
14 30 100 10 1
15 40 100 10 1
16 50 100 10 1
17 60 100 10 1
18 70 100 10 1
19 80 100 10 1
20 90 100 10 1
21 100 100 10 1
22 0 100 20 1
23 10 100 20 1
24 20 100 20 1
25 30 100 20 1
26 40 100 20 1
27 50 100 20 1
28 60 100 20 1
29 70 100 20 1
30 80 100 20 1
31 90 100 20 1
32 100 100 20 1
33 0 100 30 1
34 10 100 30 1
35 20 100 30 1
36 30 100 30 1
37 40 100 30 1
38 50 100 30 1
39 60 100 30 1
40 70 100 30 1
41 80 100 30 1
42 90 100 30 1
43 100 100 30 1
44 0 100 40 1
45 10 100 40 1
46 20 100 40 1
47 30 100 40 1
48 40 100 40 1
49 50 100 40 1
50 60 100 40 1
51 70 100 40 1
52 80 100 40 1
53 90 100 40 1
54 100 100 40 1
55 0 100 50 1
56 10 100 50 1
57 20 100 50 1
58 30 100 50 1
59 40 100 50 1
60 50 100 50 1
61 60 100 50 1
62 70 100 50 1
63 80 100 50 1
64 90 100 50 1
65 100 100 50 1
66 0 100 60 1
67 10 100 60 1
68 20 100 60 1
69 30 100 60 1
70 40 100 60 1
71 50 100 60 1
72 60 100 60 1
73 70 100 60 1
74 80 100 60 1
75 90 100 60 1
76 100 100 60 1
77 0 100 70 1
78 10 100 70 1
79 20 100 70 1
80 30 100 70 1
81 40 100 70 1
82 50 100 70 1
83 60 100 70 1
84 70 100 70 1
85 80 100 70 1
86 90 100 70 1
87 100 100 70 1
88 0 100 80 1
89 10 100 80 1
90 20 100 80 1
91 30 100 80 1
92 40 100 80 1
93 50 100 80 1
94 60 100 80 1
95 70 100 80 1
96 80 100 80 1
97 90 100 80 1
98 100 100 80 1
99 0 100 90 1
100 10 100 90 1
101 20 100 90 1
102 30 100 90 1
103 40 100 90 1
104 50 100 90 1
105 60 100 90 1
106 70 100 90 1
107 80 100 90 1
108 90 100 90 1
109 100 100 90 1
110 0 100 100 1
111 10 100 100 1
112 20 100 100 1
113 30 100 100 1
114 40 100 100 1
115 50 100 100 1
116 60 100 100 1
117 70 100 100 1
118 80 100 100 1
119 90 100 100 1
120 100 100 100 1

*SPRINGS
420
0 0 1 400 10
1 1 2 400 10
2 2 3 400 10
3 3 4 400 10
4 4 5 400 10
5 5 6 400 10
6 6 7 400 10
7 7 8 400 10
8 8 9 400 10
9 9 10 400 10
10 11 12 400 10
11 12 13 400 10
12 13 14 400 10
13 14 15 400 10
14 15 16 400 10
15 16 17 400 10
16 17 18 400 10
17 18 19 400 10
18 19 20 400 10
19 20 21 400 10
20 22 23 400 10
21 23 24 400 10
22 24 25 400 10
23 25 26 400 10
24 26 27 400 10
25 27 28 400 10
26 28 29 400 10
27 29 30 400 10
28 30 31 400 10
29 31 32 400 10
30 33 34 400 10
31 34 35 400 10
32 35 36 400 10
33 36 37 400 10
34 37 38 400 10
35 38 39 400 10
36 39 40 400 10
37 40 41 400 10
38 41 42 400 10
39 42 43 400 10
40 44 45 400 10
41 45 46 400 10
42 46 47 400 10
43 47 48 400 10
44 48 49 400 10
45 49 50 400 10
46 50 51 400 10
47 51 52 400 10
48 52 53 400 10
49 53 54 400 10
50 55 56 400 10
51 56 57 400 10
52 57 58 400 10
53 58 59 400 10
54 59 60 400 10
55 60 61 400 10
56 61 62 400 10
57 62 63 400 10
58 63 64 400 10
59 64 65 400 10
60 66 67 400 10
61 67 68 400 10
62 68 69 400 10
63 69 70 400 10
64 70 71 400 10
65 71 72 400 10
66 72 73 400 10
67 73 74 400 10
68 74 75 400 10
69 75 76 400 10
70 77 78 400 10
71 78 79 400 10
72 79 80 400 10
73 80 81 400 10
74 81 82 400 10
75 82 83 400 10
76 83 84 400 10
77 84 85 400 10
78 85 86 400 10
79 86 87 400 10
80 88 89 400 10
81 89 90 400 10
82 90 91 400 10
83 91 92 400 10
84 92 93 400 10
85 93 94 400 10
86 94 95 400 10
87 95 96 400 10
88 96 97 400 10
89 97 98 400 10
90 99 100 400 10
91 100 101 400 10
92 101 102 400 10
93 102 103 400 10
94 103 104 400 10
95 104 105 400 10
96 105 106 400 10
97 106 107 400 10
98 107 108 400 10
99 108 109 400 10
100 110 111 400 10
101 111 112 400 10
102 112 113 400 10
103 113 114 400 10
104 114 115 400 10
105 115 116 400 10
106 116 117 400 10
107 117 118 400 10
108 118 119 400 10
109 119 120 400 10
110 0 11 400 10
111 11 22 400 10
112 22 33 400 10
113 33 44 400 10
114 44 55 400 10
115 55 66 400 10
116 66 77 400 10
117 77 88 400 10
118 88 99 400 10
119 99 110 400 10
120 1 12 400 10
121 12 23 400 10
122 23 34 400 10
123 34 45 400 10
124 45 56 400 10
125 56 67 400 10
126 67 78 400 10
127 78 89 400 10
128 89 100 400 10
129 100 111 400 10
130 2 13 400 10
131 13 24 400 10
132 24 35 400 10
133 35 46 400 10
134 46 57 400 10
135 57 68 400 10
136 68 79 400 10
137 79 90 400 10
138 90 101 400 10
139 101 112 400 10
140 3 14 400 10
141 14 25 400 10
142 25 36 400 10
143 36 47 400 10
144 47 58 400 10
145 58 69 400 10
146 69 80 400 10
147 80 91 400 10
148 91 102 400 10
149 102 113 400 10
150 4 15 400 10
151 15 26 400 10
152 26 37 400 10
153 37 48 400 10
154 48 59 400 10
155 59 70 400 10
156 70 81 400 10
157 81 92 400 10
158 92 103 400 10
159 103 114 400 10
160 5 16 400 10
161 16 27 400 10
162 27 38 400 10
163 38 49 400 10
164 49 60 400 10
165 60 71 400 10
166 71 82 400 10
167 82 93 400 10
168 93 104 400 10
169 104 115 400 10
170 6 17 400 10
171 17 28 400 10
172 28 39 400 10
173 39 50 400 10
174 50 61 400 10
175 61 72 400 10
176 72 83 400 10
177 83 94 400 10
178 94 105 400 10
179 105 116 400 10
180 7 18 400 10
181 18 29 400 10
182 29 40 400 10
183 40 51 400 10
184 51 62 400 10
185 62 73 400 10
186 73 84 400 10
187 84 95 400 10
188 95 106 400 10
189 106 117 400 10
190 8 19 400 10
191 19 30 400 10
192 30 41 400 10
193 41 52 400 10
194 52 63 400 10
195 63 74 400 10
196 74 85 400 10
197 85 96 400 10
198 96 107 400 10
199 107 118 400 10
200 9 20 400 10
201 20 31 400 10
202 31 42 400 10
203 42 53 400 10
204 53 64 400 10
205 64 75 400 10
206 75 86 400 10
207 86 97 400 10
208 97 108 400 10
209 108 119 400 10
210 10 21 400 10
211 21 32 400 10
212 32 43 400 10
213 43 54 400 10
214 54 65 400 10
215 65 76 400 10
216 76 87 400 10
217 87 98 400 10
218 98 109 400 10
219 109 120 400 10
220 0 12 400 10
221 1 13 400 10
222 2 14 400 10
223 3 15 400 10
224 4 16 400 10
225 5 17 400 10
226 6 18 400 10
227 7 19 400 10
228 8 20 400 10
229 9 21 400 10
230 11 23 400 10
231 12 24 400 10
232 13 25 400 10
233 14 26 400 10
234 15 27 400 10
235 16 28 400 10
236 17 29 400 10
237 18 30 400 10
238 19 31 400 10
239 20 32 400 10
240 22 34 400 10
241 23 35 400 10
242 24 36 400 10
243 25 37 400 10
244 26 38 400 10
245 27 39 400 10
246 28 40 400 10
247 29 41 400 10
248 30 42 400 10
249 31 43 400 10
250 33 45 400 10
251 34 46 400 10
252 35 47 400 10
253 36 48 400 10
254 37 49 400 10
255 38 50 400 10
256 39 51 400 10
257 40 52 400 10
258 41 53 400 10
259 42 54 400 10
260 44 56 400 10
261 45 57 400 10
262 46 58 400 10
263 47 59 400 10
264 48 60 400 10
265 49 61 400 10
266 50 62 400 10
267 51 63 400 10
268 52 64 400 10
269 53 65 400 10
270 55 67 400 10
271 56 68 400 10
272 57 69 400 10
273 58 70 400 10
274 59 71 400 10
275 60 72 400 10
276 61 73 400 10
277 62 74 400 10
278 63 75 400 10
279 64 76 400 10
280 66 78 400 10
281 67 79 400 10
282 68 80 400 10
283 69 81 400 10
284 70 82 400 10
285 71 83 400 10
286 72 84 400 10
287 73 85 400 10
288 74 86 400 10
289 75 87 400 10
290 77 89 400 10
291 78 90 400 10
292 79 91 400 10
293 80 92 400 10
294 81 93 400 10
295 82 94 400 10
296 83 95 400 10
297 84 96 400 10
298 85 97 400 10
299 86 98 400 10
300 88 100 400 10
301 89 101 400 10
302 90 102 400 10
303 91 103 400 10
304 92 104 400 10
305 93 105 400 10
306 94 106 400 10
307 95 107 400 10
308 96 108 400 10
309 97 109 400 10
310 99 111 400 10
311 100 112 400 10
312 101 113 400 10
313 102 114 400 10
314 103 115 400 10
315 104 116 400 10
316 105 117 400 10
317 106 118 400 10
318 107 119 400 10
319 108 120 400 10
320 1 11 400 10
321 2 12 400 10
322 3 13 400 10
323 4 14 400 10
324 5 15 400 10
325 6 16 400 10
326 7 17 400 10
327 8 18 400 10
328 9 19 400 10
329 10 20 400 10
330 12 22 400 10
331 13 23 400 10
332 14 24 400 10
333 15 25 400 10
334 16 26 400 10
335 17 27 400 10
336 18 28 400 10
337 19 29 400 10
338 20 30 400 10
339 21 31 400 10
340 23 33 400 10
341 24 34 400 10
342 25 35 400 10
343 26 36 400 10
344 27 37 400 10
345 28 38 400 10
346 29 39 400 10
347 30 40 400 10
348 31 41 400 10
349 32 42 400 10
350 34 44 400 10
351 35 45 400 10
352 36 46 400 10
353 37 47 400 10
354 38 48 400 10
355 39 49 400 10
356 40 50 400 10
357 41 51 400 10
358 42 52 400 10
359 43 53 400 10
360 45 55 400 10
361 46 56 400 10
362 47 57 400 10
363 48 58 400 10
364 49 59 400 10
365 50 60 400 10
366 51 61 400 10
367 52 62 400 10
368 53 63 400 10
369 54 64 400 10
370 56 66 400 10
371 57 67 400 10
372 58 68 400 10
373 59 69 400 10
374 60 70 400 10
375 61 71 400 10
376 62 72 400 10
377 63 73 400 10
378 64 74 400 10
379 65 75 400 10
380 67 77 400 10
381 68 78 400 10
382 69 79 400 10
383 70 80 400 10
384 71 81 400 10
385 72 82 400 10
386 73 83 400 10
387 74 84 400 10
388 75 85 400 10
389 76 86 400 10
390 78 88 400 10
391 79 89 400 10
392 80 90 400 10
393 81 91 400 10
394 82 92 400 10
395 83 93 400 10
396 84 94 400 10
397 85 95 400 10
398 86 96 400 10
399 87 97 400 10
400 89 99 400 10
401 90 100 400 10
402 91 101 400 10
403 92 102 400 10
404 93 103 400 10
405 94 104 400 10
406 95 105 400 10
407 96 106 400 10
408 97 107 400 10
409 98 108 400 10
410 100 110 400 10
411 101 111 400 10
412 102 112 400 10
413 103 113 400 10
414 104 114 400 10
415 105 115 400 10
416 106 116 400 10
417 107 117 400 10
418 108 118 400 10
419 109 119 400 10

*CONTROLLED PARTICLES
11
0 0 0 0 0
1 1 0 0 0
2 2 0 0 0
3 3 0 0 0
4 4 0 0 0
5 5 0 0 0
6 6 0 0 0
7 7 0 0 0
8 8 0 0 0
9 9 0 0 0
10 10 0 0 0

*CONTROLLED SPRINGS
0
